TABLE NO.  4
 ID         ,KA         ,CL         ,V          ,ALAG1      ,ETA1       ,ETA2       ,ETA3
  1.1000E+02, 4.1052E-01, 2.5483E+01, 1.4917E+02, 2.3223E-01,-4.5845E-02,-3.5313E-03,-2.1460E+00
  1.1200E+02, 2.9835E+00, 2.1061E+01, 1.1637E+02, 2.3223E-01,-1.0516E-01, 2.0130E-02,-1.6260E-01
  1.1300E+02, 4.2273E+01, 2.8938E+01, 1.4946E+02, 2.3223E-01,-4.6178E-02, 6.7418E-02, 2.4884E+00
  1.2100E+02, 5.2629E+01, 2.8215E+01, 9.3170E+01, 2.3223E-01, 1.6539E-01, 8.5426E-02, 2.7076E+00
  1.2300E+02, 3.0162E+01, 2.9581E+01, 1.2040E+02, 2.3223E-01, 1.0604E-02,-4.1188E-02, 2.1509E+00
  1.2400E+02, 1.0870E+00, 3.0129E+01, 1.1023E+02, 2.3223E-01, 2.0254E-01, 4.0640E-03,-1.1723E+00
  1.2600E+02, 9.1930E+01, 2.7367E+01, 1.2562E+02, 2.3223E-01, 3.8519E-02, 2.4257E-02, 3.2653E+00
  1.2700E+02, 7.8483E+01, 4.8142E+01, 1.7275E+02, 2.3223E-01, 1.9014E-01,-3.1149E-02, 3.1072E+00
  1.2800E+02, 8.8094E-01, 2.7581E+01, 1.1230E+02, 2.3223E-01, 2.6850E-02, 9.8449E-03,-1.3825E+00
  2.1000E+02, 2.4328E+00, 2.1317E+01, 1.0854E+02, 2.3223E-01,-3.1111E-01,-3.7017E-02,-3.6668E-01
  2.1200E+02, 7.0916E-01, 2.7259E+01, 9.1167E+01, 2.3223E-01, 6.7923E-02,-1.0464E-01,-1.5994E+00
  2.1300E+02, 6.8082E+00, 2.2563E+01, 1.4222E+02, 2.3223E-01,-3.9785E-01, 1.7774E-02, 6.6242E-01
  2.2300E+02, 7.9786E-01, 4.0208E+01, 9.1293E+01, 2.3223E-01, 2.8844E-01, 6.5069E-02,-1.4815E+00
  2.2400E+02, 1.1630E+00, 2.0678E+01, 8.8030E+01, 2.3223E-01,-9.3545E-02, 1.2143E-02,-1.1047E+00
  2.2500E+02, 7.0389E-01, 2.8715E+01, 1.1339E+02, 2.3223E-01,-1.1473E-01,-5.8549E-03,-1.6068E+00
  2.2600E+02, 1.8216E+00, 2.4732E+01, 8.7736E+01, 2.3223E-01, 2.6417E-02,-5.4712E-02,-6.5600E-01
  3.2100E+02, 4.1415E+00, 3.3605E+01, 9.5607E+01, 2.3223E-01, 1.9271E-01,-8.4864E-02, 1.6535E-01
  3.2200E+02, 2.6828E+00, 1.6878E+01, 6.6916E+01, 2.3223E-01,-2.7347E-01,-1.0246E-01,-2.6886E-01
  3.2400E+02, 1.5941E+00, 1.8681E+01, 8.8301E+01, 2.3223E-01,-2.4698E-01,-3.2787E-02,-7.8939E-01
  3.2500E+02, 3.7161E+00, 2.4408E+01, 9.5386E+01, 2.3223E-01,-1.6975E-01,-7.3386E-02, 5.6960E-02
  3.2600E+02, 2.9948E+00, 3.0399E+01, 1.2686E+02, 2.3223E-01, 8.7949E-03,-3.3385E-02,-1.5885E-01
  3.2700E+02, 4.8233E+00, 1.8600E+01, 1.0560E+02, 2.3223E-01,-2.8679E-01,-3.8797E-02, 3.1775E-01
  4.0200E+02, 1.0186E+01, 1.8066E+01, 6.2529E+01, 2.3223E-01,-1.6577E-01, 6.7402E-02, 1.0653E+00
  4.0500E+02, 2.8812E+00, 2.1195E+01, 8.0796E+01, 2.3223E-01,-1.3503E-01,-4.0266E-02,-1.9750E-01
  4.0700E+02, 1.0608E+00, 3.8467E+01, 9.9918E+01, 2.3223E-01, 2.4993E-01, 3.0188E-02,-1.1967E+00
  4.0800E+02, 2.3258E+00, 3.1741E+01, 1.3165E+02, 2.3223E-01, 3.0504E-01, 3.6848E-02,-4.1165E-01
  4.1000E+02, 1.7307E+00, 2.3783E+01, 6.5199E+01, 2.3223E-01, 3.8806E-02,-1.2846E-01,-7.0719E-01
  4.1100E+02, 9.2331E-01, 3.3198E+01, 1.1129E+02, 2.3223E-01, 2.3167E-01,-2.4501E-02,-1.3355E+00
  4.1200E+02, 1.1295E+01, 2.3951E+01, 1.1077E+02, 2.3223E-01, 1.5401E-03,-3.8795E-03, 1.1686E+00
  4.1400E+02, 1.0922E+00, 2.3300E+01, 7.9194E+01, 2.3223E-01, 1.0762E-02, 4.6955E-02,-1.1675E+00
  4.1700E+02, 1.0035E+00, 2.8519E+01, 1.1907E+02, 2.3223E-01, 8.6338E-02,-5.2279E-02,-1.2522E+00
  4.1800E+02, 1.5330E+00, 3.7345E+01, 1.3329E+02, 2.3223E-01, 2.2611E-01, 6.0542E-02,-8.2847E-01
  4.1900E+02, 5.1590E-01, 2.9910E+01, 1.1052E+02, 2.3223E-01, 2.3826E-01, 1.9803E-02,-1.9175E+00
  4.2000E+02, 6.3973E+00, 2.6676E+01, 8.4302E+01, 2.3223E-01, 1.8426E-01, 7.2419E-02, 6.0017E-01
  5.0100E+02, 7.6082E-01, 2.5457E+01, 1.0930E+02, 2.3223E-01, 2.0107E-02, 8.6726E-03,-1.5291E+00
  5.0200E+02, 1.3063E+00, 3.3757E+01, 1.1519E+02, 2.3223E-01, 1.6053E-01, 4.8130E-02,-9.8851E-01
  5.0300E+02, 1.9906E+00, 2.0446E+01, 1.2035E+02, 2.3223E-01,-1.7104E-01, 9.1948E-02,-5.6727E-01
  5.0500E+02, 2.5433E-01, 4.1569E+01, 1.1811E+02, 2.3223E-01, 4.2429E-01, 7.3140E-02,-2.6248E+00
  6.0100E+02, 1.3690E+01, 2.0976E+01, 1.1236E+02, 2.3223E-01,-1.0921E-01,-1.5004E-02, 1.3610E+00
  6.0200E+02, 4.8799E+00, 2.3428E+01, 1.0232E+02, 2.3223E-01,-8.3530E-02,-1.6989E-02, 3.2941E-01
  6.0300E+02, 1.1188E+01, 2.6386E+01, 1.2180E+02, 2.3223E-01,-4.2884E-02, 4.0984E-02, 1.1592E+00
  6.0500E+02, 2.5465E+00, 2.0398E+01, 1.1530E+02, 2.3223E-01,-6.8391E-02, 3.6166E-02,-3.2100E-01
  6.0600E+02, 6.7871E+00, 1.6045E+01, 1.3279E+02, 2.3223E-01,-4.8881E-01,-1.1030E-01, 6.5931E-01
  6.0800E+02, 8.9154E+00, 2.4459E+01, 9.1991E+01, 2.3223E-01, 9.7503E-02,-6.7066E-02, 9.3207E-01
  7.0200E+02, 3.4000E+00, 3.0083E+01, 1.0729E+02, 2.3223E-01,-5.1959E-02,-2.2882E-02,-3.1943E-02
  7.0300E+02, 3.8653E-01, 2.2281E+01, 9.5060E+01, 2.3223E-01,-1.0622E-01,-4.8386E-03,-2.2063E+00
  8.0100E+02, 5.0318E+00, 2.3668E+01, 1.1793E+02, 2.3223E-01,-1.3897E-01,-6.1893E-02, 3.6007E-01
  8.0200E+02, 9.3074E-01, 1.4666E+01, 1.0160E+02, 2.3223E-01,-4.2944E-01, 1.7883E-02,-1.3275E+00
  8.0400E+02, 3.6043E+00, 2.3985E+01, 8.9944E+01, 2.3223E-01,-1.3199E-01,-7.4976E-02, 2.6419E-02
  8.0500E+02, 1.5687E+00, 1.9818E+01, 8.5025E+01, 2.3223E-01,-2.3723E-01,-7.0593E-02,-8.0545E-01
  8.0600E+02, 3.4213E+00, 3.2185E+01, 9.3812E+01, 2.3223E-01, 2.6531E-02,-1.3085E-01,-2.5698E-02
  8.0700E+02, 3.5147E+00, 2.5456E+01, 1.2335E+02, 2.3223E-01,-9.1222E-02,-1.7433E-01, 1.2412E-03
  9.0100E+02, 1.3771E+02, 2.8514E+01, 1.0459E+02, 2.3223E-01, 2.6660E-01, 1.8709E-02, 3.6695E+00
  9.0200E+02, 1.9999E+00, 4.2796E+01, 1.2415E+02, 2.3223E-01, 1.4440E-01,-1.3834E-01,-5.6261E-01
  9.0300E+02, 1.9729E+00, 3.4205E+01, 1.1741E+02, 2.3223E-01, 8.1929E-02,-7.7578E-02,-5.7622E-01
  9.0500E+02, 1.4770E+00, 2.0073E+01, 8.3255E+01, 2.3223E-01,-1.1558E-01,-2.7092E-02,-8.6572E-01
  9.0600E+02, 8.3045E-01, 2.8517E+01, 1.2289E+02, 2.3223E-01, 1.4753E-01, 2.5787E-02,-1.4415E+00
  9.0700E+02, 5.9512E+00, 3.7958E+01, 1.5336E+02, 2.3223E-01, 1.4838E-01,-1.3194E-02, 5.2788E-01
  1.0010E+03, 2.5011E+01, 3.0159E+01, 1.3251E+02, 2.3223E-01, 9.0780E-02, 3.2193E-02, 1.9636E+00
  1.0020E+03, 7.8880E+00, 2.6290E+01, 1.2562E+02, 2.3223E-01,-1.3068E-01, 8.4154E-02, 8.0963E-01
  1.0030E+03, 1.4741E+00, 3.0027E+01, 9.7100E+01, 2.3223E-01, 1.1179E-01,-4.1591E-02,-8.6768E-01
  1.0070E+03, 6.2462E+00, 2.2840E+01, 1.1797E+02, 2.3223E-01,-1.4228E-01,-5.0160E-02, 5.7626E-01
  1.0090E+03, 2.1575E+00, 2.8319E+01, 1.1861E+02, 2.3223E-01, 3.4131E-02,-9.6177E-03,-4.8677E-01
  1.0100E+03, 2.2632E+01, 3.3191E+01, 1.1847E+02, 2.3223E-01, 1.9286E-01, 7.6172E-02, 1.8636E+00
  1.1010E+03, 9.4938E+00, 2.6702E+01, 1.4942E+02, 2.3223E-01,-2.0864E-01, 1.4122E-01, 9.9493E-01
  1.2010E+03, 2.1951E+00, 3.4933E+01, 1.0544E+02, 2.3223E-01, 2.3774E-01,-2.7233E-02,-4.6949E-01
  1.2020E+03, 7.3967E+00, 2.3626E+01, 8.0772E+01, 2.3223E-01,-1.2138E-02,-4.0565E-02, 7.4532E-01
  1.2030E+03, 3.5864E+00, 2.6077E+01, 8.7936E+01, 2.3223E-01, 3.7267E-02, 2.7605E-02, 2.1444E-02
  1.2070E+03, 1.3543E+00, 2.9220E+01, 1.4083E+02, 2.3223E-01,-1.6702E-03,-6.1065E-02,-9.5245E-01
  1.4030E+03, 5.5773E-01, 3.0721E+01, 1.3915E+02, 2.3223E-01, 6.6277E-02, 6.2101E-03,-1.8396E+00
  1.4040E+03, 3.3981E-01, 2.3878E+01, 7.7724E+01, 2.3223E-01,-4.3945E-02, 9.5187E-03,-2.3351E+00
  1.4050E+03, 3.8590E-01, 4.2701E+01, 1.4875E+02, 2.3223E-01, 2.2475E-01, 3.2015E-03,-2.2079E+00
  1.4060E+03, 1.0266E+00, 3.7843E+01, 1.4020E+02, 2.3223E-01, 1.4536E-01,-1.6772E-02,-1.2295E+00
  1.4070E+03, 2.9110E+00, 3.6335E+01, 1.2047E+02, 2.3223E-01, 2.3412E-01,-2.9203E-02,-1.8719E-01
